dsa=[
3.14159265E+000, 2.32703400E+000, -5.71615458E-001
3.17069905E+000, 2.32201171E+000, -5.75584233E-001
3.20007512E+000, 2.31698895E+000, -5.79535842E-001
3.22972334E+000, 2.31196642E+000, -5.83470464E-001
3.25964626E+000, 2.30694366E+000, -5.87387979E-001
3.28984641E+000, 2.30192089E+000, -5.91288507E-001
3.32032635E+000, 2.29689813E+000, -5.95172048E-001
3.35108869E+000, 2.29187536E+000, -5.99038601E-001
3.38213604E+000, 2.28685284E+000, -6.02888227E-001
3.41347104E+000, 2.28183031E+000, -6.06720984E-001
3.44509635E+000, 2.27680802E+000, -6.10536873E-001
3.47701467E+000, 2.27178597E+000, -6.14335835E-001
3.50922870E+000, 2.26676393E+000, -6.18118048E-001
3.54174119E+000, 2.26174235E+000, -6.21883452E-001
3.57455491E+000, 2.25672102E+000, -6.25632048E-001
3.60767264E+000, 2.25169992E+000, -6.29363954E-001
3.64109720E+000, 2.24667931E+000, -6.33079171E-001
3.67483143E+000, 2.24165916E+000, -6.36777639E-001
3.70887821E+000, 2.23663926E+000, -6.40459538E-001
3.74324042E+000, 2.23162007E+000, -6.44124746E-001
3.77792100E+000, 2.22660112E+000, -6.47773385E-001
3.81292289E+000, 2.22158289E+000, -6.51405454E-001
3.84824906E+000, 2.21656513E+000, -6.55020952E-001
3.88390253E+000, 2.21154809E+000, -6.58620000E-001
3.91988632E+000, 2.20653176E+000, -6.62202537E-001
3.95620349E+000, 2.20151591E+000, -6.65768623E-001
3.99285714E+000, 2.19650078E+000, -6.69318259E-001
4.02985038E+000, 2.19148660E+000, -6.72851563E-001
4.06718636E+000, 2.18647289E+000, -6.76368415E-001
4.10486825E+000, 2.18123412E+000, -6.79556429E-001
4.14289925E+000, 2.17569828E+000, -6.82311714E-001
4.18128261E+000, 2.17016792E+000, -6.85051262E-001
4.22002158E+000, 2.16464329E+000, -6.87775135E-001
4.25911947E+000, 2.15912437E+000, -6.90483332E-001
4.29857959E+000, 2.15361118E+000, -6.93175852E-001
4.33840530E+000, 2.14810371E+000, -6.95852816E-001
4.37859999E+000, 2.14260197E+000, -6.98514283E-001
4.41916708E+000, 2.13710594E+000, -7.01160192E-001
4.46011002E+000, 2.13161588E+000, -7.03790665E-001
4.50143229E+000, 2.12613153E+000, -7.06405699E-001
4.54313740E+000, 2.12065291E+000, -7.09005356E-001
4.58522891E+000, 2.11518025E+000, -7.11589634E-001
4.62771039E+000, 2.10971355E+000, -7.14158654E-001
4.67058545E+000, 2.10425258E+000, -7.16712475E-001
4.71385774E+000, 2.09879756E+000, -7.19250977E-001
4.75753094E+000, 2.09334826E+000, -7.21774399E-001
4.80160877E+000, 2.08790517E+000, -7.24282622E-001
4.84609498E+000, 2.08246779E+000, -7.26775765E-001
4.89099334E+000, 2.07703662E+000, -7.29253888E-001
4.93630768E+000, 2.07161117E+000, -7.31716931E-001
4.98204185E+000, 2.06619191E+000, -7.34165072E-001
5.02819974E+000, 2.06077862E+000, -7.36598253E-001
5.07478528E+000, 2.05537128E+000, -7.39016533E-001
5.12180243E+000, 2.04997015E+000, -7.41419971E-001
5.16925518E+000, 2.04457474E+000, -7.43808627E-001
5.21714757E+000, 2.03918576E+000, -7.46182442E-001
5.26548369E+000, 2.03380275E+000, -7.48541594E-001
5.31426762E+000, 2.02842569E+000, -7.50886023E-001
5.36350354E+000, 2.02103257E+000, -7.52396405E-001
5.41319562E+000, 2.01332283E+000, -7.53752053E-001
5.46334808E+000, 2.00563502E+000, -7.55089223E-001
5.51396521E+000, 1.99796855E+000, -7.56408095E-001
5.56505129E+000, 1.99032378E+000, -7.57708788E-001
5.61661068E+000, 1.98270047E+000, -7.58991361E-001
5.66864776E+000, 1.97509873E+000, -7.60255933E-001
5.72116695E+000, 1.96751845E+000, -7.61502624E-001
5.77417273E+000, 1.95995963E+000, -7.62731433E-001
5.82766960E+000, 1.95242226E+000, -7.63942480E-001
5.88166211E+000, 1.94490623E+000, -7.65135944E-001
5.93615485E+000, 1.93741155E+000, -7.66311884E-001
5.99115246E+000, 1.92993808E+000, -7.67470360E-001
6.04665961E+000, 1.92248595E+000, -7.68611491E-001
6.10268103E+000, 1.91505516E+000, -7.69735336E-001
6.15922148E+000, 1.90764546E+000, -7.70842016E-001
6.21628577E+000, 1.90025699E+000, -7.71931648E-001
6.27387875E+000, 1.89288962E+000, -7.73004293E-001
6.33200532E+000, 1.88554335E+000, -7.74060071E-001
6.39067043E+000, 1.87821805E+000, -7.75099039E-001
6.44987905E+000, 1.87091386E+000, -7.76121318E-001
6.50963624E+000, 1.86363065E+000, -7.77126908E-001
6.56994707E+000, 1.85636842E+000, -7.78116047E-001
6.63081667E+000, 1.84912717E+000, -7.79088736E-001
6.69225022E+000, 1.84190667E+000, -7.80045092E-001
6.75425295E+000, 1.83470714E+000, -7.80985177E-001
6.81683011E+000, 1.82752836E+000, -7.81909108E-001
6.87998705E+000, 1.82037044E+000, -7.82816947E-001
6.94372913E+000, 1.81349421E+000, -7.83329904E-001
7.00806177E+000, 1.80729043E+000, -7.82886505E-001
7.07299044E+000, 1.80110550E+000, -7.82437980E-001
7.13852066E+000, 1.79493952E+000, -7.81984389E-001
7.20465801E+000, 1.78879225E+000, -7.81525731E-001
7.27140812E+000, 1.78266370E+000, -7.81062067E-001
7.33877665E+000, 1.77655387E+000, -7.80593395E-001
7.40676935E+000, 1.77046263E+000, -7.80119717E-001
7.47539199E+000, 1.76439011E+000, -7.79641151E-001
7.54465040E+000, 1.75833607E+000, -7.79157758E-001
7.61455049E+000, 1.75230050E+000, -7.78669417E-001
7.68509819E+000, 1.74628341E+000, -7.78176308E-001
7.75629950E+000, 1.74028468E+000, -7.77678370E-001
7.82816049E+000, 1.73430431E+000, -7.77175725E-001
7.90068725E+000, 1.72834229E+000, -7.76668310E-001
7.97388597E+000, 1.72239840E+000, -7.76156247E-001
8.04776286E+000, 1.71647286E+000, -7.75639534E-001
8.12232420E+000, 1.71056533E+000, -7.75118172E-001
8.19757635E+000, 1.70467591E+000, -7.74592221E-001
8.27352570E+000, 1.69880462E+000, -7.74061739E-001
8.35017871E+000, 1.69295132E+000, -7.73526728E-001
8.42754190E+000, 1.68711591E+000, -7.72987187E-001
8.50562185E+000, 1.68129849E+000, -7.72443235E-001
8.58442519E+000, 1.67549884E+000, -7.71894813E-001
8.66395864E+000, 1.66971707E+000, -7.71341980E-001
8.74422895E+000, 1.66395307E+000, -7.70784855E-001
8.82524296E+000, 1.65820670E+000, -7.70223320E-001
8.90700755E+000, 1.65247798E+000, -7.69657493E-001
8.98952967E+000, 1.64676690E+000, -7.69087434E-001
9.07281635E+000, 1.64089870E+000, -7.67938435E-001
9.15687467E+000, 1.63498056E+000, -7.66559243E-001
9.24171178E+000, 1.62908268E+000, -7.65180528E-001
9.32733489E+000, 1.62320530E+000, -7.63802230E-001
9.41375129E+000, 1.61734807E+000, -7.62424350E-001
9.50096832E+000, 1.61151099E+000, -7.61046946E-001
9.58899341E+000, 1.60569406E+000, -7.59669960E-001
9.67783403E+000, 1.59989715E+000, -7.58293450E-001
9.76749775E+000, 1.59412026E+000, -7.56917477E-001
9.85799220E+000, 1.58836329E+000, -7.55541980E-001
9.94932506E+000, 1.58262610E+000, -7.54166961E-001
1.00415041E+001, 1.57690871E+000, -7.52792537E-001
1.01345372E+001, 1.57121110E+000, -7.51418591E-001
1.02284322E+001, 1.56553304E+000, -7.50045180E-001
1.03231971E+001, 1.55987465E+000, -7.48672366E-001
1.04188400E+001, 1.55423570E+000, -7.47300088E-001
1.05153691E+001, 1.54861629E+000, -7.45928466E-001
1.06127924E+001, 1.54301620E+000, -7.44557381E-001
1.07111184E+001, 1.53743553E+000, -7.43186891E-001
1.08103553E+001, 1.53187406E+000, -7.41817057E-001
1.09105117E+001, 1.52633178E+000, -7.40447819E-001
1.10115960E+001, 1.52080870E+000, -7.39079237E-001
1.11136168E+001, 1.51530468E+000, -7.37711310E-001
1.12165829E+001, 1.50981963E+000, -7.36344039E-001
1.13205029E+001, 1.50435352E+000, -7.34977424E-001
1.14253857E+001, 1.49890637E+000, -7.33611524E-001
1.15312402E+001, 1.49347794E+000, -7.32246280E-001
1.16380755E+001, 1.48806834E+000, -7.30881751E-001
1.17459006E+001, 1.48277879E+000, -7.29401350E-001
1.18547246E+001, 1.47811365E+000, -7.27225125E-001
1.19645569E+001, 1.47346330E+000, -7.25055337E-001
1.20754068E+001, 1.46882749E+000, -7.22892046E-001
1.21872837E+001, 1.46420622E+000, -7.20735192E-001
1.23001971E+001, 1.45959949E+000, -7.18584716E-001
1.24141566E+001, 1.45500731E+000, -7.16440678E-001
1.25291719E+001, 1.45042956E+000, -7.14303017E-001
1.26452529E+001, 1.44586611E+000, -7.12171733E-001
1.27624093E+001, 1.44131708E+000, -7.10046768E-001
